0.000000000000000000e+00	4.978113877691148215e-01	8.347833821251694486e-01	1.003915697050451472e+00	-1.618677183634412486e+00
1.000000014901161194e-01	3.080508602701716447e-01	1.007757191761519788e+00	1.011555725200953271e+00	-1.629861394261389762e+00
2.000000029802322388e-01	1.850626307928103231e-01	1.184305879063605182e+00	9.330276531486073610e-01	-1.666511981365413453e+00
3.000000044703483582e-01	1.365916035707999132e-01	1.348862439061760066e+00	7.752590830823915535e-01	-1.712078357601210410e+00
4.000000059604644775e-01	1.655549834286614008e-01	1.486230909284125046e+00	5.496067509905855353e-01	-1.750824515740535325e+00
5.000000074505805969e-01	2.695009151263821345e-01	1.582463861532646288e+00	2.720489922274753058e-01	-1.769918870142718204e+00
6.000000089406967163e-01	4.397360831722513796e-01	1.625452489568059544e+00	-3.649363078920970366e-02	-1.760801546197003020e+00
7.000000104308128357e-01	6.607391250705938468e-01	1.605708686820522146e+00	-3.504888860915802429e-01	-1.719863224587553585e+00
8.000000119209289551e-01	9.104582391302685762e-01	1.517714388267607184e+00	-6.413615673402787154e-01	-1.648484329371644685e+00
9.000000134110450745e-01	1.161964148639703209e+00	1.361842863195583453e+00	-8.805117635450377955e-01	-1.552467977254271991e+00
1.000000014901161194e+00	1.386653986652023995e+00	1.146286180359619600e+00	-1.043477656279842014e+00	-1.440938061122062797e+00
1.100000016391277313e+00	1.558685606203225715e+00	8.879381258994472059e-01	-1.114381287372832707e+00	-1.324883625089241956e+00
1.200000017881393433e+00	1.659651840611880091e+00	6.111903461818883887e-01	-1.089397045866543401e+00	-1.215628012125402835e+00
1.300000019371509552e+00	1.682062440541074899e+00	3.443120653019378086e-01	-9.779970950593724899e-01	-1.123476837859278765e+00
1.400000020861625671e+00	1.630412063507832743e+00	1.142142151518076992e-01	-8.013078245354826601e-01	-1.056652192168545001e+00
1.500000022351741791e+00	1.519487249284614760e+00	-5.873969423145781327e-02	-5.879015537667456881e-01	-1.020472490620219608e+00
1.600000023841857910e+00	1.370591855253322056e+00	-1.641905602217553495e-01	-3.682640503506101615e-01	-1.016703547233529070e+00
1.700000025331974030e+00	1.206957644724201195e+00	-2.026271844517604503e-01	-1.695218997904908709e-01	-1.043102258581521280e+00
1.800000026822090149e+00	1.049573758163593107e+00	-1.838193507235665325e-01	-1.167438751133232679e-02	-1.093320566404049066e+00
1.900000028312206268e+00	9.142489757625855695e-01	-1.237901642470178309e-01	9.412528855559373908e-02	-1.157404211309608355e+00
2.000000029802322388e+00	8.102243949263047140e-01	-4.141897582675719419e-02	1.453456767028319385e-01	-1.223008206846655455e+00
2.100000031292438507e+00	7.402475174766939281e-01	4.454715841513820496e-02	1.464233304336612640e-01	-1.277187235866179105e+00
2.200000032782554626e+00	7.017437602175630174e-01	1.177303419989649824e-01	1.063674776614573908e-01	-1.308364250308420962e+00
2.300000034272670746e+00	6.885839967814276763e-01	1.655715810117372178e-01	3.630584206042886813e-02	-1.307998854110638876e+00
2.400000035762786865e+00	6.929466099660166467e-01	1.800815722556692033e-01	-5.250199111107114319e-02	-1.271605955955831702e+00
2.500000037252902985e+00	7.068882219936437616e-01	1.579945346731993217e-01	-1.499220151001997015e-01	-1.199016196206848628e+00
2.600000038743019104e+00	7.234171704352402310e-01	1.004224195223108185e-01	-2.474931665717222395e-01	-1.093985777229380618e+00
2.700000040233135223e+00	7.370419414297705307e-01	1.212293838610041183e-02	-3.384759985334879206e-01	-9.633742962304953084e-01
2.800000041723251343e+00	7.438910521408905741e-01	-9.947996561480793032e-02	-4.176667277345548213e-01	-8.161151593819779837e-01
2.900000043213367462e+00	7.415529558373217256e-01	-2.253751989444775783e-01	-4.811801562976368296e-01	-6.621507090963701936e-01
3.000000044703483582e+00	7.287795055004906430e-01	-3.560105553827592750e-01	-5.263012641094737543e-01	-5.114422861105906160e-01
3.100000046193599701e+00	7.051650252760727211e-01	-4.822047439038350536e-01	-5.514199296865425204e-01	-3.731212290160304534e-01
3.200000047683715820e+00	6.708797037867683111e-01	-5.958599513993391161e-01	-5.560205138580743833e-01	-2.548237894186144992e-01
3.300000049173831940e+00	6.265081344353132797e-01	-6.904426661899571993e-01	-5.406898457998481344e-01	-1.622409643586583128e-01
3.400000050663948059e+00	5.730154722469157358e-01	-7.612308639013837253e-01	-5.071139201974506072e-01	-9.890076853196523576e-02
3.500000052154064178e+00	5.118285014086098039e-01	-8.053533231062741660e-01	-4.580410529859695323e-01	-6.617793409888700351e-02
3.600000053644180298e+00	4.449800521329246306e-01	-8.216691480392085412e-01	-3.971932840550429500e-01	-6.349508070676798677e-02
3.700000055134296417e+00	3.752352857810756781e-01	-8.105478185763581589e-01	-3.291109727679591423e-01	-8.864860073734165402e-02
3.800000056624412537e+00	3.061111744875290586e-01	-7.736088043435055406e-01	-2.589211454871032103e-01	-1.381745410098793869e-01
3.900000058114528656e+00	2.417219418902613048e-01	-7.134660730032090781e-01	-1.920291005048840038e-01	-2.076749280843442069e-01
4.000000059604644775e+00	1.864280355618674057e-01	-6.335030544448930767e-01	-1.337436794191967371e-01	-2.920549852159827764e-01
4.100000061094760895e+00	1.443212201625401203e-01	-5.376863911542673069e-01	-8.885777180529381980e-02	-3.856675781576386908e-01
4.200000062584877014e+00	1.186284995680044613e-01	-4.304178064843672269e-01	-6.121617418235241609e-02	-4.824068901671374476e-01
4.300000064074993134e+00	1.111500635794432090e-01	-3.164217869426896868e-01	-5.331228538906999936e-02	-5.758223355065026361e-01
4.400000065565109253e+00	1.218526979280134259e-01	-2.006658302758532464e-01	-6.596169806004605063e-02	-6.593257286992157962e-01
4.500000067055225372e+00	1.487164490559167163e-01	-8.830245182181310770e-02	-9.810176129966056979e-02	-7.265386515316305527e-01
4.600000068545341492e+00	1.878816704778595859e-01	1.539363462658878065e-02	-1.467591136389642670e-01	-7.717804056300837656e-01
4.700000070035457611e+00	2.340768214578700657e-01	1.051366371688261525e-01	-2.072114329376518738e-01	-7.906430092855719627e-01
4.800000071525573730e+00	2.812424811783922340e-01	1.758379221961586525e-01	-2.733467054225476311e-01	-7.805530656712463822e-01
4.900000073015689850e+00	3.232236858500126542e-01	2.229437109685400153e-01	-3.381953326932019555e-01	-7.411941753480454365e-01
5.000000074505805969e+00	3.543945477746286432e-01	2.428961822304916696e-01	-3.945796454250193319e-01	-6.746677403373672055e-01
5.100000075995922089e+00	3.701077957604642643e-01	2.336636730811709195e-01	-4.357964267214649579e-01	-5.853092210766509540e-01
5.200000077486038208e+00	3.669166263942705841e-01	1.952465162039824786e-01	-4.562304258187462880e-01	-4.791476973712236465e-01
5.300000078976154327e+00	3.425793422678587441e-01	1.300512996614484607e-01	-4.518032325157365636e-01	-3.630842910358674236e-01
5.400000080466270447e+00	2.959114093853682514e-01	4.304334087663286290e-02	-4.201994853750662395e-01	-2.439447537884980866e-01
5.500000081956386566e+00	2.265829144420837271e-01	-5.837323654376708193e-02	-3.608734867018827952e-01	-1.276060822138141426e-01
5.600000083446502686e+00	1.349660944406984309e-01	-1.647533912693850133e-01	-2.749005510577207656e-01	-1.838888846486901388e-02
5.700000084936618805e+00	2.211619598045682158e-02	-2.652589613979903782e-01	-1.647712789561209812e-01	8.115276183442630964e-02
5.800000086426734924e+00	-1.100783673782454730e-01	-3.485138007145465178e-01	-3.421775800882868868e-02	1.700063355433152346e-01
5.900000087916851044e+00	-2.586066441119240777e-01	-4.036230003516509401e-01	1.118864280566246594e-01	2.481059332496541592e-01
6.000000089406967163e+00	-4.190078953697877195e-01	-4.213106431305225774e-01	2.675734140710167019e-01	3.155236613293262993e-01
6.100000090897083282e+00	-5.851640827769218900e-01	-3.951089358259505246e-01	4.258481911528183561e-01	3.716686107294596697e-01
6.200000092387199402e+00	-7.493866734062677448e-01	-3.224813297589887995e-01	5.788688063734043210e-01	4.147431163900259787e-01
6.300000093877315521e+00	-9.029280903372842726e-01	-2.056929737728039331e-01	7.183151732418885382e-01	4.416813451181112460e-01
6.400000095367431641e+00	-1.036935590995340162e+00	-5.218750988997016005e-02	8.359724600935126704e-01	4.486985386764193451e-01
6.500000096857547760e+00	-1.143707059198421083e+00	1.257598995593919577e-01	9.244877689287652744e-01	4.324065279714077170e-01
6.600000098347663879e+00	-1.217961204060513669e+00	3.122276862024481181e-01	9.781915216721245310e-01	3.912393932665566010e-01
6.700000099837779999e+00	-1.257770927945972561e+00	4.895721973205151012e-01	9.938272221813374552e-01	3.267659678213004071e-01
6.800000101327896118e+00	-1.264873042034420969e+00	6.407532104723671074e-01	9.710272312300938236e-01	2.444356542196813864e-01
6.900000102818012238e+00	-1.244242871974730935e+00	7.515668471043857046e-01	9.124243084384806579e-01	1.534464118590468107e-01
7.000000104308128357e+00	-1.203035417938401741e+00	8.123024570560527513e-01	8.233878507495987487e-01	6.568255189291517804e-02
7.100000105798244476e+00	-1.149162601394977612e+00	8.185192915098727928e-01	7.114699399171187100e-01	-6.066816633203163563e-03
7.200000107288360596e+00	-1.089851446512259514e+00	7.709071783224020757e-01	5.856807509557355740e-01	-5.022198207994078151e-02
7.300000108778476715e+00	-1.030508808532538456e+00	6.744384957575857431e-01	4.556737247615516018e-01	-5.841200123780307396e-02
7.400000110268592834e+00	-9.741275074440394199e-01	5.371484087221485293e-01	3.308616842738800190e-01	-2.694692673616516654e-02
7.500000111758708954e+00	-9.213339090785377383e-01	3.688728229401389558e-01	2.194767110497974349e-01	4.254309619363182138e-02
7.600000113248825073e+00	-8.710248160530031925e-01	1.801684223588063682e-01	1.276506199233714278e-01	1.434424514474896550e-01
7.700000114738941193e+00	-8.214023569516984979e-01	-1.849404529267145714e-02	5.868243583507707500e-02	2.653895347875327437e-01
7.800000116229057312e+00	-7.711247277800979960e-01	-2.172760174832123747e-01	1.270058456100496731e-02	3.961401964602652703e-01
7.900000117719173431e+00	-7.202782210206697400e-01	-4.073220727729968682e-01	-1.312227583570210569e-02	5.236273768412896823e-01
8.000000119209289551e+00	-6.709473920874899910e-01	-5.809881980177133975e-01	-2.377137364674934347e-02	6.377683211621533177e-01
8.100000120699405670e+00	-6.272834378701602764e-01	-7.319977355720421741e-01	-2.513461637240879676e-02	7.316860967721470210e-01
8.200000122189521790e+00	-5.950885231030854650e-01	-8.555367147651878890e-01	-2.255388773425924878e-02	8.022074090266185786e-01
8.300000123679637909e+00	-5.810000403671181646e-01	-9.482624723888545271e-01	-1.953886884121910916e-02	8.496836206474447373e-01
8.400000125169754028e+00	-5.913753924672048301e-01	-1.008190469817125345e+00	-1.701981446348257640e-02	8.772917925416757745e-01
8.500000126659870148e+00	-6.309960944877212041e-01	-1.034467960466318948e+00	-1.342350594703090039e-02	8.900073403242516612e-01
8.600000128149986267e+00	-7.017846812608933282e-01	-1.027126219015263686e+00	-5.620976170765810097e-03	8.934472635872232615e-01
8.700000129640102386e+00	-8.018494120171586470e-01	-9.869598570301113538e-01	9.541757461585125694e-03	8.927999410669509306e-01
8.800000131130218506e+00	-9.252372331382504589e-01	-9.156373201158093389e-01	3.371031789015908192e-02	8.920664253969671220e-01
8.900000132620334625e+00	-1.062654322416568986e+00	-8.159971506684116083e-01	6.612259872397746596e-02	8.937843702707410909e-01
9.000000134110450745e+00	-1.203080306789208853e+00	-6.923288739256259205e-01	1.037112692662750524e-01	8.992634559853229792e-01
9.100000135600566864e+00	-1.335811566848165377e+00	-5.503989319624765786e-01	1.420934802498724503e-01	9.091784566478516849e-01
9.200000137090682983e+00	-1.452265832116274469e+00	-3.970888348290114722e-01	1.768989247809595045e-01	9.242387119224595438e-01
9.300000138580799103e+00	-1.547000763903175313e+00	-2.396727921011865825e-01	2.047379238492113562e-01	9.456506883634496763e-01
9.400000140070915222e+00	-1.617752383245136816e+00	-8.486659331278055551e-02	2.233032872496779619e-01	9.752040203841240151e-01
9.500000141561031342e+00	-1.664648949715221926e+00	6.219285472536002779e-02	2.305022877534537162e-01	1.014963878878879289e+00
9.600000143051147461e+00	-1.688923509060716865e+00	1.988684592770409709e-01	2.229262687823658495e-01	1.066664626976711272e+00
9.700000144541263580e+00	-1.691444527108550311e+00	3.256358107720921935e-01	1.942395578800476252e-01	1.130949908856387909e+00
9.800000146031379700e+00	-1.671359336823538211e+00	4.461370249843272240e-01	1.341642086457438821e-01	1.206625942808439378e+00
9.900000147521495819e+00	-1.625214147723406555e+00	5.664668518413823461e-01	2.867464264630861098e-02	1.290119841370752418e+00
